Loss and accuracy on test data:
Loss: 0.03564280644059181
Accuracy: 0.8338530244883041
