Loss and accuracy on test data:
Loss: 0.011609003879129887
Accuracy: 0.8685903126821095
